vectorsize sequential_time parallel_time
1 0.00000 0.00000
101 0.00003 0.00003
201 0.00004 0.00006
301 0.00006 0.00008
401 0.00008 0.00011
501 0.00010 0.00013
601 0.00011 0.00015
701 0.00013 0.00018
801 0.00015 0.00022
901 0.00017 0.00025
1001 0.00020 0.00026
1101 0.00021 0.00029
1201 0.00023 0.00031
1301 0.00025 0.00034
1401 0.00026 0.00037
1501 0.00029 0.00040
1601 0.00028 0.00042
1701 0.00032 0.00045
1801 0.00034 0.00048
1901 0.00036 0.00054
2001 0.00038 0.00052
2101 0.00041 0.00057
2201 0.00049 0.00064
2301 0.00055 0.00070
2401 0.00060 0.00083
2501 0.00060 0.00076
2601 0.00062 0.00081
2701 0.00064 0.00083
2801 0.00068 0.00078
2901 0.00070 0.00090
3001 0.00072 0.00075
3101 0.00074 0.00089
3201 0.00076 0.00095
3301 0.00078 0.00101
3401 0.00081 0.00081
3501 0.00084 0.00097
3601 0.00086 0.00092
3701 0.00089 0.00101
3801 0.00091 0.00106
3901 0.00093 0.00089
4001 0.00095 0.00095
4101 0.00098 0.00106
4201 0.00101 0.00088
4301 0.00096 0.00099
4401 0.00104 0.00101
4501 0.00107 0.00110
4601 0.00109 0.00101
4701 0.00121 0.00112
4801 0.00122 0.00101
4901 0.00117 0.00107
5001 0.00121 0.00109
5101 0.00119 0.00110
5201 0.00124 0.00101
5301 0.00127 0.00101
5401 0.00124 0.00108
5501 0.00132 0.00101
5601 0.00133 0.00103
5701 0.00149 0.00107
5801 0.00139 0.00100
5901 0.00142 0.00116
6001 0.00135 0.00116
6101 0.00142 0.00099
6201 0.00148 0.00102
6301 0.00138 0.00118
6401 0.00153 0.00117
6501 0.00151 0.00111
6601 0.00155 0.00107
6701 0.00154 0.00121
6801 0.00163 0.00116
6901 0.00155 0.00116
7001 0.00167 0.00122
7101 0.00151 0.00117
7201 0.00156 0.00127
7301 0.00155 0.00127
7401 0.00161 0.00134
7501 0.00156 0.00130
7601 0.00166 0.00128
7701 0.00184 0.00120
7801 0.00183 0.00126
7901 0.00179 0.00125
8001 0.00173 0.00128
8101 0.00170 0.00141
8201 0.00178 0.00131
8301 0.00181 0.00134
8401 0.00174 0.00141
8501 0.00178 0.00133
8601 0.00174 0.00144
8701 0.00181 0.00146
8801 0.00177 0.00146
8901 0.00191 0.00140
9001 0.00198 0.00147
9101 0.00181 0.00147
9201 0.00193 0.00149
9301 0.00196 0.00149
9401 0.00186 0.00155
9501 0.00200 0.00148
9601 0.00195 0.00152
9701 0.00199 0.00155
9801 0.00188 0.00157
9901 0.00200 0.00155
10001 0.00201 0.00158
10101 0.00202 0.00160
10201 0.00212 0.00159
10301 0.00219 0.00167
10401 0.00200 0.00165
10501 0.00197 0.00167
10601 0.00219 0.00168
10701 0.00217 0.00168
10801 0.00219 0.00176
10901 0.00215 0.00174
11001 0.00210 0.00172
11101 0.00220 0.00174
11201 0.00222 0.00177
11301 0.00233 0.00183
11401 0.00215 0.00178
11501 0.00215 0.00180
11601 0.00217 0.00182
11701 0.00225 0.00185
11801 0.00231 0.00187
11901 0.00214 0.00188
12001 0.00223 0.00188
12101 0.00235 0.00191
12201 0.00227 0.00191
12301 0.00227 0.00192
12401 0.00230 0.00195
12501 0.00238 0.00197
12601 0.00238 0.00197
12701 0.00234 0.00200
12801 0.00236 0.00201
12901 0.00244 0.00204
13001 0.00243 0.00204
13101 0.00241 0.00205
13201 0.00243 0.00206
13301 0.00235 0.00209
13401 0.00243 0.00211
13501 0.00261 0.00212
13601 0.00242 0.00214
13701 0.00243 0.00215
13801 0.00244 0.00216
13901 0.00248 0.00219
14001 0.00246 0.00220
14101 0.00254 0.00221
14201 0.00261 0.00223
14301 0.00260 0.00226
14401 0.00257 0.00227
14501 0.00256 0.00227
14601 0.00257 0.00230
14701 0.00257 0.00230
14801 0.00251 0.00232
14901 0.00256 0.00233
15001 0.00269 0.00235
15101 0.00262 0.00238
15201 0.00274 0.00237
15301 0.00275 0.00239
15401 0.00255 0.00242
15501 0.00268 0.00243
15601 0.00261 0.00245
15701 0.00264 0.00245
15801 0.00272 0.00247
15901 0.00262 0.00250
16001 0.00260 0.00251
16101 0.00282 0.00252
16201 0.00268 0.00254
16301 0.00283 0.00255
16401 0.00282 0.00257
16501 0.00280 0.00258
16601 0.00287 0.00261
16701 0.00295 0.00262
16801 0.00281 0.00265
16901 0.00288 0.00268
17001 0.00300 0.00267
17101 0.00301 0.00271
17201 0.00298 0.00269
17301 0.00292 0.00271
17401 0.00302 0.00274
17501 0.00303 0.00273
17601 0.00297 0.00278
17701 0.00305 0.00277
17801 0.00304 0.00281
17901 0.00313 0.00281
18001 0.00292 0.00282
18101 0.00319 0.00284
18201 0.00316 0.00285
18301 0.00312 0.00288
18401 0.00301 0.00288
18501 0.00305 0.00289
18601 0.00318 0.00291
18701 0.00315 0.00293
18801 0.00322 0.00296
18901 0.00314 0.00297
19001 0.00329 0.00299
19101 0.00318 0.00299
19201 0.00322 0.00302
19301 0.00327 0.00303
19401 0.00330 0.00305
19501 0.00321 0.00306
19601 0.00336 0.00308
19701 0.00323 0.00309
19801 0.00325 0.00311
19901 0.00324 0.00313
20001 0.00321 0.00313
20101 0.00344 0.00317
20201 0.00340 0.00322
20301 0.00333 0.00325
20401 0.00327 0.00320
20501 0.00344 0.00321
20601 0.00339 0.00323
20701 0.00328 0.00326
20801 0.00350 0.00326
20901 0.00357 0.00327
21001 0.00344 0.00329
21101 0.00338 0.00333
21201 0.00356 0.00335
21301 0.00353 0.00335
21401 0.00357 0.00336
21501 0.00363 0.00341
21601 0.00359 0.00343
21701 0.00358 0.00339
21801 0.00368 0.00342
21901 0.00363 0.00345
22001 0.00360 0.00347
22101 0.00351 0.00346
22201 0.00366 0.00348
22301 0.00356 0.00350
22401 0.00349 0.00350
22501 0.00363 0.00354
22601 0.00368 0.00355
22701 0.00373 0.00360
22801 0.00372 0.00359
22901 0.00365 0.00362
23001 0.00375 0.00367
23101 0.00361 0.00368
23201 0.00388 0.00365
23301 0.00361 0.00367
23401 0.00371 0.00367
23501 0.00384 0.00371
23601 0.00384 0.00371
23701 0.00389 0.00375
23801 0.00368 0.00372
23901 0.00373 0.00377
24001 0.00385 0.00377
24101 0.00382 0.00379
24201 0.00397 0.00385
24301 0.00406 0.00385
24401 0.00384 0.00383
24501 0.00388 0.00393
24601 0.00404 0.00393
24701 0.00391 0.00393
24801 0.00408 0.00396
24901 0.00387 0.00392
25001 0.00401 0.00400
25101 0.00391 0.00398
25201 0.00389 0.00399
25301 0.00402 0.00404
25401 0.00387 0.00400
25501 0.00399 0.00404
25601 0.00410 0.00404
25701 0.00394 0.00404
25801 0.00406 0.00406
25901 0.00410 0.00414
26001 0.00424 0.00407
26101 0.00423 0.00411
26201 0.00414 0.00412
26301 0.00422 0.00417
26401 0.00413 0.00414
26501 0.00416 0.00417
26601 0.00428 0.00418
26701 0.00424 0.00423
26801 0.00424 0.00421
26901 0.00436 0.00422
27001 0.00418 0.00431
27101 0.00430 0.00425
27201 0.00430 0.00428
27301 0.00420 0.00428
27401 0.00435 0.00429
27501 0.00450 0.00440
27601 0.00446 0.00441
27701 0.00425 0.00439
27801 0.00437 0.00446
27901 0.00426 0.00443
28001 0.00451 0.00442
28101 0.00446 0.00448
28201 0.00446 0.00444
28301 0.00443 0.00443
28401 0.00452 0.00446
28501 0.00457 0.00454
28601 0.00445 0.00451
28701 0.00457 0.00452
28801 0.00456 0.00455
28901 0.00437 0.00453
29001 0.00450 0.00457
29101 0.00459 0.00458
29201 0.00459 0.00461
29301 0.00459 0.00462
29401 0.00465 0.00463
29501 0.00455 0.00473
29601 0.00451 0.00467
29701 0.00465 0.00474
29801 0.00461 0.00474
29901 0.00458 0.00477
30001 0.00460 0.00476
30101 0.00461 0.00481
30201 0.00472 0.00480
30301 0.00477 0.00483
30401 0.00471 0.00488
30501 0.00479 0.00488
30601 0.00471 0.00487
30701 0.00468 0.00487
30801 0.00476 0.00494
30901 0.00465 0.00484
31001 0.00467 0.00486
31101 0.00478 0.00497
31201 0.00481 0.00497
31301 0.00482 0.00497
31401 0.00489 0.00493
31501 0.00481 0.00502
31601 0.00495 0.00497
31701 0.00495 0.00499
31801 0.00497 0.00500
31901 0.00491 0.00510
32001 0.00494 0.00507
32101 0.00492 0.00510
32201 0.00487 0.00506
32301 0.00502 0.00508
32401 0.00507 0.00517
32501 0.00504 0.00511
32601 0.00513 0.00519
32701 0.00509 0.00521
32801 0.00504 0.00523
32901 0.00497 0.00521
33001 0.00503 0.00521
33101 0.00510 0.00525
33201 0.00506 0.00526
33301 0.00512 0.00531
33401 0.00508 0.00536
33501 0.00510 0.00536
33601 0.00529 0.00537
33701 0.00525 0.00537
33801 0.00530 0.00538
33901 0.00523 0.00541
34001 0.00535 0.00541
34101 0.00504 0.00542
34201 0.00536 0.00545
34301 0.00533 0.00548
34401 0.00518 0.00549
34501 0.00528 0.00549
34601 0.00528 0.00552
34701 0.00537 0.00551
34801 0.00546 0.00553
34901 0.00526 0.00555
35001 0.00526 0.00550
35101 0.00536 0.00559
35201 0.00545 0.00558
35301 0.00550 0.00561
35401 0.00551 0.00565
35501 0.00558 0.00564
35601 0.00533 0.00564
35701 0.00545 0.00566
35801 0.00554 0.00571
35901 0.00560 0.00572
36001 0.00545 0.00575
36101 0.00547 0.00573
36201 0.00559 0.00578
36301 0.00550 0.00576
36401 0.00542 0.00576
36501 0.00561 0.00580
36601 0.00563 0.00585
36701 0.00559 0.00584
36801 0.00561 0.00584
36901 0.00560 0.00587
37001 0.00543 0.00590
37101 0.00564 0.00590
37201 0.00562 0.00590
37301 0.00573 0.00589
37401 0.00563 0.00594
37501 0.00570 0.00595
37601 0.00569 0.00597
37701 0.00585 0.00597
37801 0.00566 0.00601
37901 0.00590 0.00602
38001 0.00565 0.00601
38101 0.00582 0.00603
38201 0.00575 0.00604
38301 0.00576 0.00609
38401 0.00591 0.00608
38501 0.00598 0.00614
38601 0.00582 0.00613
38701 0.00591 0.00617
38801 0.00592 0.00619
38901 0.00582 0.00617
39001 0.00611 0.00624
39101 0.00605 0.00625
39201 0.00600 0.00625
39301 0.00607 0.00625
39401 0.00602 0.00625
39501 0.00601 0.00627
39601 0.00601 0.00626
39701 0.00590 0.00633
39801 0.00597 0.00637
39901 0.00616 0.00635
40001 0.00621 0.00638
40101 0.00615 0.00639
40201 0.00602 0.00637
40301 0.00611 0.00642
40401 0.00609 0.00643
40501 0.00603 0.00646
40601 0.00597 0.00643
40701 0.00623 0.00648
40801 0.00623 0.00648
40901 0.00608 0.00648
41001 0.00626 0.00651
41101 0.00623 0.00655
41201 0.00630 0.00647
41301 0.00628 0.00656
41401 0.00630 0.00657
41501 0.00621 0.00662
41601 0.00614 0.00660
41701 0.00627 0.00661
41801 0.00643 0.00662
41901 0.00629 0.00667
42001 0.00647 0.00666
42101 0.00632 0.00669
42201 0.00627 0.00671
42301 0.00642 0.00672
42401 0.00645 0.00673
42501 0.00633 0.00674
42601 0.00657 0.00677
42701 0.00651 0.00680
42801 0.00657 0.00676
42901 0.00635 0.00680
43001 0.00651 0.00681
43101 0.00641 0.00680
43201 0.00647 0.00682
43301 0.00659 0.00683
43401 0.00666 0.00688
43501 0.00647 0.00691
43601 0.00653 0.00692
43701 0.00661 0.00696
43801 0.00644 0.00687
43901 0.00653 0.00695
44001 0.00662 0.00699
44101 0.00679 0.00702
44201 0.00682 0.00703
44301 0.00668 0.00707
44401 0.00687 0.00709
44501 0.00671 0.00707
44601 0.00674 0.00710
44701 0.00662 0.00713
44801 0.00681 0.00712
44901 0.00681 0.00716
45001 0.00674 0.00713
45101 0.00664 0.00717
45201 0.00683 0.00715
45301 0.00691 0.00736
45401 0.00698 0.00720
45501 0.00689 0.00725
45601 0.00684 0.00723
45701 0.00692 0.00728
45801 0.00693 0.00727
45901 0.00696 0.00731
46001 0.00685 0.00738
46101 0.00683 0.00738
46201 0.00708 0.00735
46301 0.00698 0.00739
46401 0.00692 0.00737
46501 0.00688 0.00736
46601 0.00697 0.00743
46701 0.00703 0.00740
46801 0.00695 0.00741
46901 0.00716 0.00745
47001 0.00703 0.00750
47101 0.00722 0.00751
47201 0.00699 0.00750
47301 0.00711 0.00751
47401 0.00718 0.00752
47501 0.00723 0.00752
47601 0.00717 0.00757
47701 0.00723 0.00754
47801 0.00715 0.00758
47901 0.00739 0.00756
48001 0.00726 0.00762
48101 0.00740 0.00763
48201 0.00723 0.00764
48301 0.00714 0.00762
48401 0.00735 0.00773
48501 0.00732 0.00774
48601 0.00744 0.00769
48701 0.00728 0.00771
48801 0.00746 0.00774
48901 0.00737 0.00775
49001 0.00734 0.00779
49101 0.00743 0.00782
49201 0.00755 0.00781
49301 0.00750 0.00781
49401 0.00757 0.00782
49501 0.00733 0.00782
49601 0.00737 0.00785
49701 0.00750 0.00787
49801 0.00756 0.00790
49901 0.00752 0.00792
